"state","state_profit","profit_ratio","cumulative_ratio"
California,29327.809299999994,19.967,19.967
New York,24350.742100000014,16.578,36.545
Washington,17196.742499999997,11.708,48.253
Michigan,8487.7618,5.779,54.032
Georgia,6447.981899999999,4.39,58.422
Delaware,6053.204900000001,4.121,62.543
Indiana,5139.5257,3.499,66.042
Kentucky,4752.9446,3.236,69.278
Maryland,2780.607,1.893,71.171
Minnesota,2457.3732999999997,1.673,72.84400000000001
